A 3 7 9 12 14 17 19 22 24 18
B 2 7 12 22 17 3 4 5 10 20 25 23 24 13 14
C 2 3 4 5 7 12 17 22 23 24 25
D 1 2 3 4 6 10 11 15 16 20 21 22 23 24
E 1 2 3 4 5 6 11 12 13 16 21 22 23 24 25
F 1 2 3 4 5 6 11 12 13 16 21
G 2 3 4 5 6 11 16 21 22 23 24 25 20 15 14 13
H 1 5 6 10 11 12 13 14 15 16 20 21 25
I 2 3 4 8 13 18 22 23 24
J 4 5 10 15 20 25 24 23 22 17
K 1 5 6 9 11 13 16 17 21 25
L 1 6 11 16 21 22 23 24 25
M 1 5 6 7 9 10 11 13 15 16 20 21 25
N 1 5 6 7 10 11 13 15 16 19 20 21 25
O 2 3 4 6 10 11 15 16 20 22 23 24
P 1 2 3 4 6 10 11 12 13 14 15 16 21
Q 2 3 4 6 10 11 15 16 18 20 22 23 24 25
R 1 2 3 4 6 10 11 12 13 14 15 16 18 21 25
S 2 3 4 5 6 11 12 13 14 15 20 25 24 23 22 21
T 1 2 3 4 5 3 8 13 18 23
U 1 5 6 10 11 15 16 20 22 23 24
V 1 5 6 10 11 15 17 19 23
W 1 5 6 10 11 13 15 16 17 19 20 21 25
X 1 5 7 9 13 17 19 21 25
Y 1 5 7 9 13 18 23
Z 1 2 3 4 5 9 13 17 21 22 23 24 25